0000000000000000
0000000000000000
0000000000000000
0000000000000000
0000000000000000
00000100000000011111
00000100100000111111
00001000000000100000
00001100000000100001
10000100000000100010
10001000000000100011
00100000000000100100
00100100000000100101
00101000000000100110
00101100000000100111
00110000000000101000
00110100000000101001
00111000000000101010
00111100000000101011
00010000000000101100
00010100000000101101
00011000000000101110
00011100000000101111
01000000100000110000
01000100100000110001
01001000100000110010
01001100100000110011
01010000100000110100
01010100100000110101
01100100000000000001
01101000000000000001
01100100001000000001
01101000001000000001
01100100000100000001
01101000000100000001
01100100001100000001
01101000001100000001
0000000000000001
0000000000000010
0000000000000011
0000000000000100
0000000000000101
0000000000000110
0000000000000111
0000000000001000
0000000000001001
0000000000001010
0000000000001011
0000000000001100
0000000000001101
0000000000001110
0000000000001111
0001110001110011
0010100010010100
1000100100010010
0001000100001001
0000100100010100
0101010101010101
0001110001110011
0010100010010100
1000100100010010
0001000100001001
0000100100010100
0101010101010101
0001110001110011
0010100010010100
1000100100010010
0001000100001001
0000100100010100
0101010101010101
0001110001110011
0010100010010100
1000100100010010
0001000100001001
0000100100010100